0.03466976698453896 0.32891241925744946 0.9289126507145434 0.49323353610245146 0.4323600934915926 0.6598984188305933 0.49104595123468453 0.9934446305842117 0.9626516553480712 0.3711032994736006 0.8750273676925204 -0.8092150998719103 0.9906381678933575 0 
0.033211535684291874 0.3159346225116582 0.9513970651134924 0.4895235483151023 0.4325935663773975 0.657662840421202 0.48744636632908744 0.9943121474283027 0.9626370760836177 0.37669364244356957 0.8706813904251915 -0.8201141955061882 0.9924450957337415 0 
0.03301348855737001 0.31569164230573227 0.94541854687617 0.490842700008045 0.4316611980849487 0.6590712250595142 0.4887671764982228 0.9939289068295711 0.9624965805882373 0.3790610237728735 0.8699248416141199 -0.8181308427645195 0.9919441842183611 0 
0.0351198955028191 0.3224523042257717 0.9123310298966094 0.4982935262198137 0.4385515243472689 0.6649827457706596 0.4961638781564413 0.9924323207110362 0.960232732391276 0.37944205533094844 0.8714462961956678 -0.814061516504265 0.990587271581474 0 
0.03445245584245964 0.3282710705802194 0.9561518670005668 0.4915497774819365 0.43578156036609883 0.6575319221972259 0.48937160535106355 0.9957894469807884 0.9630719593442192 0.3741191755695751 0.873860893896392 -0.8205784707948202 0.9920484803874262 0 
0.03157430396597513 0.3261988849900614 0.9612912968451717 0.48953135853325835 0.4232936172573307 0.6575825006516904 0.48736157176131 0.9954819001326668 0.9645152229676924 0.3718693213668097 0.8738985364631212 -0.8111636643297868 0.9911082387806803 0 
0.032769266097422006 0.309415946431284 0.9618496511822118 0.5013935793364838 0.4331837718966192 0.6668952657648398 0.4993878405380524 0.9949684666597376 0.9615258392286002 0.382684659522032 0.8678949167544935 -0.8295305899305555 0.9935586121325007 0 
0.0770486710553755 0.15641503672299667 0.5839121147456083 0.6305471436683856 0.6650432970239271 0.779876907269485 0.6299452097016984 0.9417293372149671 0.8896506961849245 0.6163992379496097 0.7769710672041047 -0.9465674123085314 0.9995604579400148 1 
0.07346868823347612 0.1596653832638796 0.5881915689009112 0.6151927423823187 0.6479817018792158 0.7694687087478546 0.6145465596596186 0.9444302770352128 0.8930233416183151 0.6047402824890661 0.7789436848005081 -0.9434581603314386 1.0 1 
0.07267698078729276 0.16405052387908375 0.5911366248971188 0.6169049637665291 0.6448448322610371 0.7708488918962801 0.6162194075621963 0.9444071317275554 0.8937790471262009 0.6016790898226968 0.7806110582880246 -0.935835493662886 0.9987744927380677 1 
0.07176564154363627 0.16944625687769826 0.5729316692679278 0.6019192651517897 0.6403242438374331 0.7616071456156107 0.6011642690034206 0.9426195476213931 0.8945410185835401 0.6013845304648856 0.7831467264152735 -0.9170423423984191 0.9951720419654925 1 
0.07492206608152398 0.16347500167598145 0.5578689767824924 0.6111156769540483 0.6410982493158309 0.7677347968053186 0.6104247791006454 0.9415155947577123 0.8925920665472677 0.5986073240731216 0.7810979548062564 -0.920624682673806 0.9969897884080906 1 
0.07844746615313798 0.15779072127645272 0.5293817990480906 0.6067490160365132 0.645228040954376 0.7656899469491079 0.6060998356756697 0.9372246324003621 0.8885068548417624 0.6014078830200223 0.7790979784333862 -0.9147274868349288 0.9965267206817835 1 
0.0792955259248302 0.15986945170571354 0.48757039009444514 0.5844627489343983 0.6248440876138919 0.7508720823363082 0.5837696554782467 0.9343017104798972 0.8887799378488069 0.5863192849006409 0.7828559035676166 -0.8862532592463023 0.9928347911441847 1 
0.32836766458206607 0.2957410483834632 0.3149285677537844 0.2655034683808087 0.602276084468332 0.45661924554677574 0.2633501316403395 0.9828035638110825 0.9442752532247144 0.40474842734498434 0.8603704504174317 -0.8561695622691983 0.9959695943413868 2 
0.12770624837820205 0.2605556885664745 0.4786976505400616 0.28441368132485983 0.5554279568327497 0.48345582609524884 0.2825767672182179 0.9850816392464009 0.9482122404926929 0.42593102915624564 0.846877984956621 -0.865287045945881 0.9974440738170924 2 
0.22208497001946448 0.2674455546789207 0.40883193886075314 0.2799598888582959 0.5902231301503356 0.47486716897955816 0.278069969169165 0.984764285326462 0.9450577424557225 0.42403732737715133 0.8491305906682243 -0.8818838762604486 0.9992652434119498 2 
1.0 0.3118193341205625 0.15226381799820077 0.24350929977928013 0.7250639174524842 0.4265024096418522 0.24120255466346388 0.9677282133171169 0.9252269700035978 0.421152969106664 0.8621992340140264 -0.8720251949278673 0.9961188007481858 2 
0.23269263843858742 0.27674580712184965 0.3587895229267023 0.26409267290666205 0.5817860972577066 0.4586489211917535 0.2620972659345571 0.9825049769740265 0.9443498642411523 0.4151464558637854 0.8533321883290441 -0.8598276067447044 0.9963297483413781 2 
0.20937032070573158 0.270631707670884 0.39076028577683974 0.27227619698200883 0.5790409058865159 0.46796870183948114 0.27034393855383415 0.9836562395373047 0.9450809601738308 0.4195433888465963 0.8507196424591353 -0.8680617441320022 0.9974512577169815 2 
0.5218939998491186 0.2933644473334929 0.21802506494761034 0.2457860157172633 0.6440146071367868 0.43342472266542853 0.24363499264536687 0.9759473672597727 0.9348022196997429 0.409582300445721 0.8592654368358403 -0.8608457829219719 0.9956107556583241 2 
0.7436911615633015 0.949012910801411 0.19242240942563835 0.3495582859666565 0.5091326104154252 0.5210874270561039 0.34166116625889076 0.9803762815391782 0.9694562891487492 0.21947825927115064 0.9968621186349473 -0.5040898907502445 0.9121203971408595 3 
0.7548061741745635 0.9548513549278649 0.19328808009492598 0.3522810320583032 0.5108781141693344 0.5233341501736788 0.34433558859400637 0.9803978672964633 0.9696275753816754 0.21997861862923632 0.9971702278394597 -0.5028652388820452 0.9116068997685788 3 
0.935077600655024 1.0 0.16192423470761172 0.34528681219782353 0.5406527264501098 0.5146230145501919 0.33693189140934926 0.9774534814465586 0.9651983739314588 0.2251008617810476 1.0 -0.49922906562300723 0.9083698172764217 3 
0.1104151589848712 0.8278066633111615 0.6070462484163808 0.38626105153094287 0.3454408136801679 0.5658361882444715 0.3794590527294642 0.995179144948584 1.0 0.20733753723147902 0.9867974575616604 -0.48837429396525783 0.9092150371939538 3 
0.1602899918719318 0.8482511614001452 0.5133568060458938 0.3789253607469934 0.36758514148341503 0.5578944479154311 0.37193567510155623 0.9932858002479336 0.9962820543374641 0.2056535823741993 0.9894040312316822 -0.4877943129588046 0.9088220978786081 3 
0.1694915381795097 0.8196282308580165 0.5003138745737843 0.3744635616410522 0.37240972246148246 0.5541937788174219 0.36772686052192693 0.9926551128782802 0.9944303994822674 0.2088248047957188 0.9858701759715791 -0.4970634010138338 0.9135470678291897 3 
0.23303625908114722 0.8355991427589592 0.42805556892848146 0.372239439240676 0.3945444389054479 0.5502706383414804 0.36536353430186547 0.9911980976580789 0.9905251466493021 0.2080664033348822 0.9879130154462559 -0.5014463680531797 0.9151306084656914 3 
0.02094832184444418 0.5532547218554147 0.6007463765485075 0.3124676132619683 0.29391496261015626 0.5159785773477287 0.307992423406607 0.9794171566550925 0.9877206128476262 0.2571449301242078 0.9388476819590325 -0.5173605182481051 0.9184184271971125 4 
0.020301334501518494 0.5838321180520164 0.6172188962438208 0.30586550068664925 0.29479725357460856 0.5071289078412541 0.30111495046774556 0.982871800014546 0.9913225326038528 0.2510317518681667 0.9441965001084395 -0.5175369647718897 0.9176999731657058 4 
0.021926481257403943 0.6285546574856421 0.631584185955594 0.30466164924623984 0.30390486519723015 0.5030813546674172 0.29951542433624867 0.9866584927937561 0.9940967219340123 0.24548660706071915 0.9516364209026461 -0.5190479430270473 0.917201090549533 4 
0.021038921803913722 0.6470568747002103 0.6479222008395118 0.2999399918998209 0.29920394879288187 0.4969480777792234 0.29462602872322535 0.9887238801561727 0.9972053462879251 0.24237382589312073 0.9547883986504861 -0.5152349515289963 0.9156656118909617 4 
0.019837782978546815 0.6259719931130037 0.6516569061574395 0.29760173084270336 0.29270403401887507 0.4958377283805145 0.292471430552006 0.9870779891933408 0.9975198935352733 0.24291218603355094 0.9521376977474304 -0.5095670720416312 0.9149676806907877 4 
0.02065728824588088 0.5796224364856554 0.607835739903506 0.3006776084585281 0.29968866549939255 0.5014871132318254 0.2959611626133486 0.983884900641885 0.9915288045580042 0.25236618148629164 0.9441943023234041 -0.5210393603241269 0.9202555341187465 4 
0.02103745251125276 0.5638378187381659 0.5853855661525774 0.30355064629978334 0.29442138840726 0.5063821754385175 0.2989726531815024 0.9794663614662458 0.9879793283934566 0.25516135721166017 0.9405511673549516 -0.5162405661060212 0.9171553087453423 4 
0.07388669024080495 0.14520460186711048 0.39421739743615336 0.5233689865330182 0.5566483314071087 0.715954255195274 0.5226999490659571 0.9027963990820462 0.8744379594952022 0.5582218883810813 0.7796892472839052 -0.7190612143968745 0.9605847668070611 5 
0.07242089836424763 0.14760967750400417 0.39799668312171654 0.5195715855990912 0.5516520993906425 0.7128601984810183 0.5188787620370168 0.9048094182499394 0.8767754670305621 0.5494086093890251 0.7825448376581292 -0.7180590727719796 0.9615305529054956 5 
0.07341351466391897 0.1420116981343728 0.4088446886865671 0.5370629274007659 0.5599629139918384 0.7255385315307749 0.5364382102179369 0.9032008682897904 0.8754025003510016 0.5599792382082635 0.7785775820920384 -0.7225904526889251 0.9632130760938907 5 
0.07466458379090464 0.1391013810383065 0.4060753154929583 0.541146963307443 0.5635867697071539 0.728752419322973 0.5405510739880928 0.9011605802345609 0.8731709112394737 0.5669568939089876 0.7760044919855382 -0.722161298969451 0.9625455760862365 5 
0.07433544700914549 0.13987285828068313 0.4105529140078755 0.5427055395034066 0.5632415572741647 0.7296092075338966 0.5421056551643025 0.902559226973383 0.8740587935601862 0.5657828228083575 0.7764954755044878 -0.7267641214431559 0.9636849414779772 5 
0.0717875036379093 0.14627491283067612 0.42000717780133157 0.5402894551655787 0.5554552838985585 0.7274032473246207 0.5396318229838365 0.9058480597910177 0.8781403807076906 0.5547672801702482 0.7812099445467684 -0.7243251266334899 0.9632202320220032 5 
0.07276571873029374 0.14198419011542607 0.41819069595110975 0.5414942692640045 0.5604380318405092 0.7284116045228799 0.540875911599189 0.9050796437400652 0.876208838740918 0.5629805283927305 0.7777231569266041 -0.7324351638921424 0.9646422383948432 5 
0.07080973188643097 0.14588678430187146 0.6270858449112957 0.7166361271960057 0.6634994936942384 0.8400886708037785 0.7161849524145746 0.9136816554627879 0.8763556878745098 0.6049961824821621 0.7751751195073947 -0.8014920444527719 0.9745528436736444 6 
0.07064690967766703 0.1396797226067473 0.6240639649851556 0.7205733206162538 0.6536176333660705 0.8425692447063894 0.7201820570123392 0.9135850297419122 0.8752039503916507 0.6005594630721054 0.7723156843281886 -0.8089314317685776 0.9796548887743164 6 
0.06878910741591343 0.14291948929484194 0.6395072566186555 0.7165063096917573 0.6486430963865591 0.8395022872249766 0.7160851929180715 0.9177428596891648 0.8789518032908397 0.5968955417563138 0.7749979145999366 -0.814333237115689 0.9814596676417143 6 
0.07061344488100123 0.1446140203269796 0.6305329150663007 0.7081071859883407 0.6679177874318245 0.8344999580516573 0.7076608911135911 0.9172217584510745 0.8786059053750286 0.6097302009461819 0.7745392846673342 -0.8147848548402284 0.978257498953529 6 
0.06681877209889799 0.14912712206389245 0.6378842892441033 0.6996046436967203 0.6412139400711007 0.8289106570624887 0.6991106705657246 0.9193005642514958 0.8819713797952146 0.5880286967064178 0.7791815191047154 -0.8059769919725351 0.9801139556382376 6 
0.06480989106017372 0.156143394466585 0.6483298018995239 0.6933694360573569 0.6317068709020216 0.82454741935786 0.6928084286841766 0.922422207639287 0.8858120715569795 0.578066924353196 0.783829870803581 -0.8023915587825757 0.9800353964868375 6 
0.06507277255796279 0.15554808490013525 0.639466232134357 0.6868585189631536 0.6325003544810871 0.8206865165277722 0.6862947604477592 0.9214276677060453 0.8848086284580827 0.5798950944231562 0.7833773114669912 -0.8003133958594856 0.9784606688577703 6 
0.0773986919965386 0.1886002640726294 0.43706363662542985 0.5683826671667864 0.5953435081979566 0.7432262434382265 0.5673924903590601 0.91642070433919 0.8882036467468912 0.5343922996267189 0.8044926856358994 -0.7185819413675326 0.9644473739938788 7 
0.07665962379251479 0.19166304056612868 0.43447421070854675 0.5631118235818808 0.5902515058327278 0.7395803635519997 0.5620883050300641 0.9164884419792236 0.8890812759411184 0.529452640763859 0.8065481207787636 -0.7130965341984336 0.9636124666153294 7 
0.07726687055192144 0.19230227889076096 0.4344997343936735 0.5637926198098473 0.5907001165045697 0.7399318864044593 0.5627647155313625 0.916900600196549 0.8892841003225991 0.5282449429886154 0.8069880898777094 -0.7138956098498205 0.9638457540725109 7 
0.07634896997030433 0.1948745371589072 0.434915066367033 0.5603097315674307 0.5880457348921457 0.7373226511034903 0.5592559154182053 0.9177098483722523 0.8901793865608149 0.5264708683300026 0.8080303179469476 -0.7141176008884882 0.9636113724052767 7 
0.07757779762757974 0.19205562404787088 0.4267137107387957 0.5612389114891635 0.5885660813840753 0.7387258407310622 0.5602073084427903 0.9147868989354657 0.888104287319662 0.5301553347301815 0.8063459792538473 -0.7048630751531764 0.9608584822803856 7 
0.07608520478994829 0.19497689771960533 0.4238429340547377 0.5468966160644093 0.5836103103018484 0.728314549454789 0.5458255374312933 0.916858290485918 0.8901966891541934 0.5252073758664144 0.808324483475104 -0.7074910871930381 0.9619567963031085 7 
0.07916879951922196 0.18210661268764028 0.4138188445591195 0.5506855519879192 0.597373046558439 0.7319506733758042 0.5497296530716153 0.9126739164535123 0.8849458428791225 0.540606110983724 0.8010494217611842 -0.7123779625048333 0.9627372102148867 7 
0.03309056015512933 0.4731415808867351 0.9154712559138473 0.4481765384738904 0.39557143774988746 0.6243032610654221 0.4446318096975275 0.9953758101138391 0.9762281390503196 0.32971767345360214 0.9063370228050709 -0.7137331906153205 0.9615579524029151 8 
0.03911793193945357 0.47662259844159904 0.8725986252898548 0.4386280422171176 0.4076090533462558 0.6163592232522566 0.4350418958329049 0.9949182593548974 0.974692955461102 0.33395920102802645 0.9064323465044988 -0.7170618366851029 0.9613181838887656 8 
0.03681815675343014 0.49994073586419474 0.9536201345424328 0.4309157919665648 0.4071758457402897 0.6073441394201968 0.4271221668103677 1.0 0.9797092477218046 0.3272274847376481 0.9088249966251859 -0.7266232353281882 0.9600807789317792 8 
0.02772686156462636 0.5420513867308099 1.0 0.46002306722150593 0.3693379899039371 0.6326754749562526 0.4558724471449759 0.9976390214622748 0.9853233781339172 0.30435519798449956 0.9216385144079118 -0.6683393937958312 0.9493505382415113 8 
0.026906665546700823 0.5492787085789663 0.9715964019410868 0.45458861934110595 0.3690390474886703 0.630154187677451 0.4503574848556681 0.996291032069898 0.9851636217286487 0.31399076541968457 0.9205333230246286 -0.6614722375001891 0.9440525990671754 8 
0.02855600496949803 0.48171894951658706 0.9592627838047426 0.437367404514306 0.38472373678301797 0.6157572809622539 0.4337315899064116 0.9975620237511473 0.9806973164257937 0.32270740248918856 0.9070515547009811 -0.7065113399506864 0.9584682589608144 8 
0.03542840708401827 0.4275676152245616 0.895079069890299 0.4528810656491394 0.41835928637447134 0.6304013819636927 0.4497435418931935 0.9932446248865345 0.9713247681295694 0.35614369183969596 0.8936898296184607 -0.7385373330066501 0.9659524006337897 8 
0.14166773063602928 0.0828817000429098 0.22268833408848127 0.4566505969364387 0.7186706315154071 0.6737403981273666 0.45643820615534786 0.8431339605981032 0.803726155306441 0.800341760754183 0.7001703678887397 -0.7869114084947948 0.9441906855503732 9 
0.13354551475936124 0.08576895613061228 0.22424967695874315 0.4563218184740733 0.6953002965365329 0.6734199428191235 0.45608327038452795 0.8436406262033324 0.8066066396097473 0.7614598492169921 0.7054326840195257 -0.7678459202838461 0.938481713533088 9 
0.13034308910666556 0.09281178275331915 0.23094513375545128 0.4641468951204209 0.6815750563922538 0.6791509922440085 0.4638538372847541 0.8444819772973524 0.8094323991294339 0.747822195653249 0.7115602493209181 -0.7511739749306808 0.9301389208571686 9 
0.13564310612099917 0.09778580554491913 0.23195441403612246 0.46358544617663927 0.6984291906562282 0.6785793614143791 0.46324747605193883 0.8459754006009993 0.8112913828868704 0.772078731537116 0.7148901416602875 -0.7500754080581512 0.9281956882042028 9 
0.12360665836862662 0.0971532609779487 0.24117232534992794 0.46820506097886827 0.6650278962564079 0.6817979098265016 0.4678791035988048 0.8489218051741546 0.814598767144016 0.7231847077355388 0.7180711586212831 -0.7454120202216556 0.9313982464435394 9 
0.13636644470280482 0.08632910762669779 0.23763137795559675 0.48251140826520317 0.7019223339866737 0.6928315439713323 0.48229680358141386 0.8442823953714769 0.8054121698222151 0.7686413283799669 0.7041717250073526 -0.779419390089384 0.9388743359694988 9 
0.13310698445662525 0.0845262234290529 0.24278623528335938 0.4804173142681096 0.7014216697508121 0.6911058915619588 0.48021776856567727 0.8476042463034575 0.8078075684342866 0.7707804268003352 0.7041180817094556 -0.7900400105156745 0.9460893274266027 9 
0.06104789583845059 0.21664709731734375 0.7419971540226096 0.8961365048244583 0.4874295889911688 0.9419286218087278 0.895243872956786 0.908436579115914 0.891792578843858 0.4480332945619591 0.8284204393110656 -0.6175172013218417 0.9364540275691692 10 
0.06042476342212404 0.21063000595923384 0.7479488571439048 0.9047598095364939 0.4860293872842846 0.9468723432827034 0.9039289411208187 0.9069022994979264 0.890552022763998 0.4497275762390465 0.8257555245367338 -0.6161071536072034 0.9368226964826819 10 
0.060038722744920565 0.21585546298460903 0.7430931428409944 0.8977030860716106 0.4834051519870183 0.9429483496540453 0.8968180684902104 0.907948136598483 0.8921013213212221 0.4452839313271222 0.8283194895243589 -0.6123972817935285 0.9352629711658781 10 
0.05865414128022905 0.22164742189277126 0.7529865347310535 0.8923156284268909 0.4805010938040498 0.9397663842729368 0.8913742025845762 0.910415712976157 0.8950043709896979 0.44301652523826895 0.8307831639738709 -0.6110425824358402 0.9343484779390974 10 
0.05903972281540314 0.22123268601035923 0.7386825556119077 0.8798506332844568 0.47711553634063564 0.9329899427572526 0.8788994172873551 0.9099046290363356 0.8943218972238852 0.4406562921126174 0.8309450478215277 -0.6113960854153494 0.9357966573905067 10 
0.05953217927370429 0.21940953919235448 0.7388143041616811 0.8832086818907454 0.48030792550534845 0.9348938306297483 0.8822771128408904 0.9090032753144994 0.8934342454003386 0.44305373063581327 0.8301091787268843 -0.6120907533133576 0.93600192649249 10 
0.059447461673810334 0.21919320468045306 0.7278235538668971 0.8697991677651854 0.4806329595990221 0.9275217550462991 0.86885528342708 0.9095545126010324 0.8937286627923298 0.44288681141664304 0.8301502264390084 -0.6129283637841155 0.9362303921623982 10 
0.2231758005061358 0.12764030018653028 0.4703207324269806 1.0 1.0 1.0 1.0 0.860266580286236 0.7972247653906991 1.0 0.7042088550163823 -1.0 0.9748052042380558 11 
0.1890270668172971 0.1324639543006398 0.4902898139007437 0.9882786768786785 0.9071792905267384 0.9936043210596707 0.9882253656769336 0.8659660351844372 0.8076599474534543 0.8464781736839682 0.7238820613251128 -0.9553610052953233 0.9746847837495698 11 
0.1878649757337496 0.1525999914200669 0.4866285257191748 0.9862411331081578 0.8899570173384989 0.9920785488769646 0.9860067548473312 0.8675015537350274 0.8122232958589173 0.825854170068148 0.7335259114838403 -0.9265236244112937 0.967188818973457 11 
0.21005985237776048 0.16103742197096244 0.4774079372626049 0.9839273025215051 0.9606012240936419 0.9909117176558917 0.9836137556852239 0.8665116215774926 0.8082676686108327 0.9636518473817112 0.7215409970425519 -0.9579527796265705 0.9630696368898932 11 
0.18515659046574995 0.1557240264344938 0.47374512722745205 0.976024316001315 0.8666204842665951 0.9867932112858551 0.9757507315058234 0.8665738197798851 0.8137206573750483 0.7977036874230516 0.7400670197744341 -0.9017642141304875 0.9648765952605362 11 
0.19834650823497346 0.14306949879968683 0.46018052030202894 0.9601488310348959 0.9013502671619297 0.9786686708016737 0.95997195953755 0.865963890617859 0.8081868800211849 0.8402400401634169 0.7277899154988774 -0.9470701071979387 0.9710021107622966 11 
0.1977920026873475 0.1409861647217994 0.45841409640381336 0.9564256313366056 0.892354229564981 0.9767031972956659 0.956263803067726 0.8655215982032369 0.808889553685869 0.8291000778148425 0.7316435240232377 -0.9356151356819747 0.972966302304057 11 
0.06558030520748566 0.13791924725847607 0.5455608033913341 0.649297843156418 0.5354347801673548 0.7983450759320982 0.6488450680663103 0.918509011279227 0.8838653601515999 0.5472340883854033 0.7776381648858961 -0.7785940876405424 0.9763332354025718 12 
0.06401360088117934 0.14426499749638322 0.5457129574280806 0.6431690495875143 0.5261168214801315 0.7942077733219399 0.64265343395168 0.9195939398925996 0.886509005037315 0.5360869604286304 0.7824356893591194 -0.7652377276353372 0.9739898896145195 12 
0.06223523332626233 0.153227377922805 0.5448519266639918 0.6355785255635719 0.5171964624547295 0.7891720889618121 0.6349743577833564 0.9203532329840366 0.8897044674833217 0.5231585248954348 0.7886097009552222 -0.7475179745165786 0.9700148735585762 12 
0.0613356408689995 0.1567889919951225 0.5422376165290067 0.624774308573571 0.5144076110278838 0.7819149663709583 0.6241276615506689 0.921952455861067 0.8918014617787137 0.5195085357147791 0.7910526328403137 -0.7453862210255259 0.969968413063033 12 
0.058911750019677335 0.16162199119683895 0.5214113251775698 0.5843577111145641 0.503976222233613 0.7547104450775443 0.5836258475052237 0.9243788926873293 0.8953101432782646 0.5072273889614975 0.7955953640132977 -0.7392565362390531 0.9703784618323688 12 
0.06109493011651645 0.15289989665421047 0.5260273649625816 0.5999156451368105 0.515115957487567 0.7654019605706384 0.5992781694117966 0.9229524827073313 0.8915473171437087 0.5207157989629089 0.7895834094015155 -0.75637189203142 0.9736039736430956 12 
0.06098637241080911 0.1539472263754999 0.5206553706289521 0.5986217120995786 0.5122937393804569 0.7648052744917193 0.5979717710650625 0.9215054391261518 0.8912058370524737 0.5181039492926037 0.7902005309433575 -0.7467704292298272 0.9712954566595304 12 
